1.0294060761700244E-7 1.0016163234470656 
0.9998470352597781 7.471877503627447E-4 
0.08590767102498059 0.7081030259311288 
0.29083467151020603 0.46253971182265197 
0.2723495527754655 0.4794310329970095 
0.7301783745340089 0.14633024284387006 
0.42602116731191986 0.3482407755393161 
0.4438650586158789 0.33487291614331677 
0.17152827317078356 0.5871135912789917 
0.9686922373927097 0.01633629868799685 
0.13648786606585567 0.6428606556837938 
0.1028982669908009 0.6805728569278139 
0.7178259137624734 0.1536433924477469 
0.6981661844556735 0.16525833876429233 
0.4134814948414016 0.3601681372047051 
0.9914022420732858 0.005124778128841176 
0.8987034591929597 0.052626477887878415 
0.8227943318536987 0.09412721339129533 
0.9182118375674104 0.04245154075314077 
0.0014700304928930152 0.9631867946514933 
0.26039886519672273 0.4911921516465588 
0.6593895863768025 0.18882538238671603 
0.1183934861778074 0.661161025166571 
0.18031296127514324 0.5766403687640227 
0.03386970593920313 0.817328666752725 
0.19449968539557988 0.5682146235936071 
0.7535196599824602 0.13274408839872956 
3.5939497819065247E-4 0.9823988488945269 
0.042976313250591924 0.793849370141806 
0.1572454205628514 0.6074010894494838 
0.07741677590014251 0.7229172639103563 
0.47542210934515794 0.311658403152984 
0.32559365575325083 0.43020243466274094 
0.23034892066143448 0.5210171088654716 
0.3990195530103993 0.3691041779670672 
0.24044503503319198 0.510992707337284 
0.7894082153419797 0.11242088644446528 
0.8449590245088808 0.08165587543310077 
0.36199698700363714 0.39917309362478487 
0.19942168487343748 0.5548987178776178 
0.5062295710469136 0.29579770125773336 
0.20763344736610262 0.5454695680526644 
0.5153206658573242 0.28523229330770444 
0.02494231464966873 0.8436746338355079 
0.8604913121913478 0.0732476605879447 
0.7774482043210038 0.12656081386997878 
0.5234211966189555 0.2775415467764489 
0.13838808851400797 0.6293402939317553 
0.34556655893235544 0.41314078724469755 
0.30672895781604353 0.45329045838131304 
0.6162862780373646 0.21768149435327633 
0.6008347200191779 0.2257171310563041 
0.6458042817297491 0.1972285432855148 
0.6314771226451252 0.20627878677736844 
0.37471570363521167 0.38869913219114655 
0.49235272916958006 0.2992279950608511 
0.4705152374833341 0.31510261550124 
0.39153824016927763 0.3754170174100998 
0.3850018814964522 0.38540290745311784 
0.6891444718017229 0.17554406660539698 
0.21631147426191463 0.5361287553789245 
0.00882431441265985 0.9073289366907122 
0.2219650650443043 0.5300097616569077 
0.011177528225345151 0.8959902756302015 
0.5709946784638609 0.24708839666662735 
0.5814109835618316 0.2385273161547134 
0.05800652483242813 0.7603305389362964 
0.10539274144418143 0.6764213761040745 
0.050114269992520444 0.7773907925982415 
0.11422517407922422 0.6631274925446731 
0.8891051922140303 0.057750931990892644 
0.33806029427822376 0.41967875977143154 
0.028741196880180175 0.8317176541072301 
0.771930315991723 0.12852817913303924 
0.6205669972499152 0.21321610936814442 
0.9563468456089446 0.022737198356224435 
0.015782853097081967 0.8852726439426767 
0.8807042916247066 0.06241976541811074 
0.05363020461054013 0.7695127455616554 
0.0035115812611541146 0.9420325887287839 
0.5679838937945607 0.253982195247818 
0.45753189413510453 0.3246037602746296 
0.535502754313279 0.2720550156686897 
0.8460259084464441 0.08096659938652634 
0.5515340448564365 0.2583948799487099 
0.04496281069030797 0.7892789826342174 
0.8164007986859405 0.09710545552377348 
0.6399052492448678 0.20100237491788062 
0.2505781082884867 0.5008544053810419 
0.36496772884318013 0.3966298327849926 
0.5380152121807744 0.26762944932883803 
0.7558675873353307 0.13162893422631758 
0.4576925635050143 0.3245342566805493 
0.07053047706207104 0.735660151262355 
0.9281294898806224 0.03846333530838673 
0.06456119018313625 0.7468703521231087 
0.6823382594673197 0.17932811347307492 
0.3076125277653404 0.44667744245980806 
0.6723015420030998 0.18106090679675688 
0.14595026717204043 0.6192722095834059 
