0.57734  0.573866  0.579332   | 1.60679e-05 0.981621 
-0.578051  -0.577642  -0.574958   | 0.981625 6.29866e-06 
0.57734  0.573866  0.579332   | 1.60679e-05 0.981621 
-0.578051  -0.577642  -0.574958   | 0.981625 6.29866e-06 
0.00148796  -0.0281864  -0.0253014   | 0.654057 0.609916 
0.526118  0.415764  0.472814   | 0.0388864 0.963365 
0.281351  0.303698  0.208553   | 0.258079 0.881312 
-0.0862076  -0.167377  -0.114652   | 0.770945 0.463876 
0.450197  0.396639  0.364941   | 0.0896646 0.944558 
0.190379  0.112672  0.128241   | 0.432987 0.790576 
-0.242415  -0.212965  -0.189007   | 0.848006 0.326838 
-0.330046  -0.37883  -0.364498   | 0.927541 0.135735 
0.51396  0.496707  0.53279   | 0.0124293 0.97204 
0.258059  0.343564  0.256797   | 0.228453 0.893732 
-0.0922188  -0.0976051  -0.0645613   | 0.731777 0.517349 
0.0867029  0.104205  0.155163   | 0.474205 0.76356 
-0.27259  -0.385329  -0.364228   | 0.920795 0.160687 
0.306948  0.338183  0.368746   | 0.159564 0.91916 
-0.203151  -0.213806  -0.189007   | 0.838365 0.344921 
0.152305  0.208754  0.0259727   | 0.462348 0.78005 
-0.320356  -0.189752  -0.246858   | 0.874273 0.277836 
-0.190056  -0.0914584  -0.0587287   | 0.763265 0.480587 
-0.0837884  -0.0924511  -0.115547   | 0.744835 0.499423 
-0.589631  -0.458959  -0.469035   | 0.970716 0.0255669 
0.115157  0.0748517  0.0179865   | 0.541142 0.716164 
0.00252505  0.106352  0.0196073   | 0.578249 0.686534 
0.049798  -0.0321715  -0.0204734   | 0.634768 0.632358 
0.0867029  0.102267  -0.0284454   | 0.565442 0.700051 
-0.338557  -0.426206  -0.364498   | 0.934982 0.117655 
0.188216  0.186653  0.200591   | 0.359827 0.830514 
0.159634  -0.0596417  0.0824876   | 0.561824 0.712506 
-0.367366  -0.449783  -0.468877   | 0.952265 0.0695932 
-0.063531  -0.0976051  -0.0645613   | 0.721502 0.530984 
-0.0511899  -0.0520538  -0.103831   | 0.714987 0.540218 
0.43411  0.400734  0.474331   | 0.0604215 0.954304 
0.363462  0.254795  0.284698   | 0.209773 0.901797 
-0.209176  -0.0935366  -0.214241   | 0.816461 0.394364 
0.0490955  -0.0383019  -0.101796   | 0.673498 0.597137 
0.149652  0.186653  0.200591   | 0.379679 0.820472 
-0.209176  -0.0935366  -0.110752   | 0.786089 0.444197 
-0.0985745  -0.106072  -0.105417   | 0.750952 0.49036 
-0.0894183  -0.254523  -0.105562   | 0.798701 0.431571 
-0.489804  -0.577642  -0.585228   | 0.978169 0.00769666 
-0.458205  -0.37883  -0.364498   | 0.943512 0.0941776 
-0.21094  -0.264784  -0.327442   | 0.883427 0.255028 
-0.293254  -0.236064  -0.357544   | 0.8991 0.217688 
0.281351  0.323911  0.334312   | 0.190157 0.90752 
-0.0342231  0.00213351  0.10197   | 0.605794 0.664544 
-0.480522  -0.449783  -0.467035   | 0.961797 0.0371125 
-0.0511899  -0.0503508  -0.0354966   | 0.687969 0.571806 
-0.23989  -0.0907335  -0.214241   | 0.824626 0.382776 
0.0526743  -0.0976051  -0.0645613   | 0.681107 0.58936 
0.130267  0.0748517  0.0274591   | 0.529881 0.725247 
-0.0342231  0.00213351  0.140695   | 0.591623 0.682214 
-0.357241  -0.436144  -0.459874   | 0.949027 0.0789009 
0.116159  0.0748517  0.113896   | 0.493379 0.749462 
0.358842  0.396639  0.365951   | 0.117584 0.93379 
-0.206812  -0.260101  -0.218636   | 0.857702 0.306928 
-0.156483  -0.238091  -0.34932   | 0.872823 0.29123 
-0.320322  -0.288068  -0.324581   | 0.906355 0.192361 
-0.356243  -0.45022  -0.361596   | 0.939742 0.105599 
-0.00170341  -0.0294098  0.120296   | 0.598425 0.673171 
-0.0995347  -0.0294098  -0.0214536   | 0.694222 0.567238 
0.373786  0.444853  0.442001   | 0.0744 0.949644 
-0.21188  -0.0986416  -0.253123   | 0.829588 0.373655 
0.00250384  -0.00294932  0.0196073   | 0.62404 0.640315 
0.358842  0.396639  0.365951   | 0.117584 0.93379 
0.00252505  0.106352  -0.0618111   | 0.61741 0.656815 
0.214581  0.256823  0.276474   | 0.277376 0.871524 
-0.235298  -0.0500558  -0.213126   | 0.813419 0.410039 
0.186641  0.25885  0.319272   | 0.27436 0.875922 
0.182545  0.309213  0.140822   | 0.341852 0.847289 
0.321521  0.34397  0.412955   | 0.136655 0.92846 
0.179178  0.112672  0.0798858   | 0.463097 0.772459 
0.321521  0.34397  0.412955   | 0.136655 0.92846 
0.152305  0.208754  0.0950878   | 0.422533 0.798613 
0.088586  0.186653  0.201902   | 0.412863 0.804932 
-0.21094  -0.264784  -0.228679   | 0.861969 0.297792 
-0.42368  -0.458959  -0.469035   | 0.958035 0.0481647 
-0.323531  -0.288803  -0.361049   | 0.913048 0.176729 
0.3154  0.304223  0.256797   | 0.218055 0.896685 
-0.323531  -0.295882  -0.192508   | 0.885457 0.253046 
-0.202955  -0.0480567  -0.216829   | 0.804214 0.423223 
0.188454  0.207115  0.257691   | 0.323279 0.850302 
0.260936  0.22914  0.185724   | 0.312532 0.855638 
0.116159  0.0748517  0.113896   | 0.493379 0.749462 
0.0892749  0.0628028  0.12225   | 0.508401 0.739102 
-0.105908  -0.0946044  -0.216625   | 0.787489 0.44313 
0.306948  0.322376  0.32617   | 0.182268 0.90999 
0.196177  0.169259  0.140822   | 0.394917 0.812043 
-0.338787  -0.292144  -0.247229   | 0.89723 0.219043 
-0.272148  -0.259157  -0.306131   | 0.889411 0.235058 
-0.131697  -0.0224489  -0.0214536   | 0.705087 0.557601 
0.178714  0.203966  0.344867   | 0.296984 0.869002 
-0.338787  -0.259157  -0.247229   | 0.89128 0.234434 
-0.323531  -0.296052  -0.361049   | 0.914138 0.173321 
-0.0862076  0.0206467  -0.114652   | 0.707443 0.556435 
0.310814  0.242751  0.14417   | 0.30971 0.862206 
0.150156  0.186653  0.267959   | 0.350052 0.839187 
0.0478524  -0.0498527  0.0364601   | 0.619517 0.648623 
