1.5693655117110517E-7 1.0004254246078612 
0.9999083657263904 3.9190454337522355E-4 
0.6960144128897632 0.1674471061658472 
0.8481301550591018 0.08444872571413635 
0.09736012985333514 0.6889858095001604 
0.7745756701238701 0.12057988070009786 
0.8809605176147415 0.06190944909247121 
0.905265494631158 0.049051643920235116 
0.8688320839420094 0.06952739496847933 
0.6280083056045416 0.20813946204175857 
0.08485479489496911 0.7096218683708584 
0.7163728760361179 0.1544191166274756 
0.57484884411214 0.24241060884365032 
0.5951872450407742 0.22918543978462702 
0.2561764320599318 0.49495702529590346 
0.33850181580387345 0.41890547415123464 
0.8251169929756159 0.09396630460603325 
0.3015093981598003 0.4519165099340402 
0.4764798924258337 0.3104959254159552 
0.49189215871587005 0.2993839747288981 
0.7284846586748693 0.14745178246124876 
0.35068557766584135 0.4089201552713711 
0.042410683006687856 0.7953693458286853 
0.36282301288646596 0.39858132809077335 
0.00875088097505887 0.9071710779135428 
0.6735911860263897 0.1802144934039746 
0.11064854386844972 0.6686570410954923 
0.06503187407942368 0.745938446379428 
0.24178757417497918 0.5092317049927839 
0.0010345633246660602 0.9808445244267205 
0.2666925127875604 0.4846652419997109 
0.03482311322391485 0.8142010218023188 
0.2360659865818186 0.5157941994380608 
0.918093608034173 0.04236427078895006 
0.005811363444770647 0.9245878644958968 
0.4124921920001638 0.3587150413354169 
0.025308984707322874 0.8421927182406621 
0.07724125412328592 0.7308035972613968 
0.0478397308600787 0.7841905529306058 
0.7444824422014783 0.13772351166058905 
0.4426167017038209 0.33571583906248814 
0.001943570789402757 0.958766448183539 
0.19912480756612266 0.5566083689249313 
0.4007478398497276 0.3678308636280416 
0.1523765736822203 0.6103219202820562 
0.9727005964252811 0.014439611025313995 
0.8029919659512905 0.1057210870115991 
0.5468655605635211 0.2614410474791993 
0.062317085742671474 0.7568806460822796 
0.386958839684573 0.37891606654765525 
0.6118842890961661 0.21852582954919894 
0.16229832721649246 0.5979374045149024 
0.01805081392200958 0.8664726762652037 
0.32430869011805025 0.43107560517128785 
0.20756516756389282 0.5454938818925585 
0.5284002511480349 0.27750356249688557 
0.5655316511053398 0.2514804905957752 
0.1665696993707296 0.5928796249924551 
0.2918666392277924 0.4605211236554 
0.4512006249629448 0.32910474287090835 
0.5046545627663657 0.2920413320497825 
0.01256762352410462 0.8889986851384726 
0.12067546790879136 0.6533677210460497 
0.6726261046722419 0.1858753466250672 
0.2224931913255982 0.5292092319419704 
0.4645212686129635 0.31934450444219326 
0.6550884550701565 0.19128343308236936 
0.9585227042821108 0.021764479358815546 
0.27660264591610284 0.4754788834033133 
0.07767518737216689 0.722091845693215 
0.22012930230548675 0.5325186150982031 
0.5174583038377281 0.28161492950033545 
0.4315191854026495 0.3439970801089661 
0.013967694678328424 0.8826468629656284 
0.17605095166025111 0.5814125370646968 
0.9338642733222864 0.0388636116593187 
0.19118896810841501 0.5680473386327675 
0.9839186487698685 0.008490492602614077 
0.13871510506995943 0.6285642782603165 
0.11450690812763425 0.6649227795939815 
0.42143292369837454 0.3514235669507289 
0.3935691973922014 0.37342175191804955 
0.134850840567923 0.6336784069181169 
0.029304669035081776 0.8297266614592511 
0.9976031447387239 0.001949455327728223 
0.7505235138349273 0.13437536456134225 
0.37602712985735454 0.38816584915309155 
0.3745488296293514 0.3903964895229326 
0.815121391507705 0.09946217610688063 
0.5103761503633799 0.2880867289408941 
0.7649374310209798 0.12599999146674737 
0.45968332024305836 0.32285053359015453 
0.32208903766711566 0.4335661169544803 
0.05340260106814532 0.7698982755848889 
0.0016869583495394882 0.961970888984392 
0.7596498237802447 0.1288598015680327 
0.054426025750648754 0.7677449554971784 
0.1284980515927923 0.643162911552781 
0.6051350094510713 0.22285146372809148 
0.645792758291577 0.19730769786932548 
